epoch:0 0.2976  0.6171  0.2511  0.1175  0.3131  0.3377  0.2532  0.4218  0.441  0.2613  0.4846  0.4402  12.2521  0.001
epoch:1 0.3726  0.6547  0.3765  0.1631  0.3935  0.414  0.3045  0.4918  0.5102  0.3098  0.5543  0.5132  7.8467  0.000997
epoch:2 0.4313  0.7057  0.4571  0.2003  0.4126  0.4845  0.3478  0.5518  0.57  0.3499  0.5693  0.5901  6.953  0.000989
